; Exolon title tune, decoded from the 128K AY streams in the
; tape image by tools/music_extract.py.  One 'channel N'
; block per voice, then '<AY period> <frames>' per note;
; period 0 is a rest.  tools/music_gen.py converts the
; periods into UKNC beeper half-period delays.

channel 0
  159 10
  213 10
  159 10
  127 10
  106 20
  213 20
  190 20
  119 10
  127 10
  119 10
  127 10
  142 30
  169 10
  159 10
  142 20
  169 10
  213 20
  119 20
  119 10
  127 30
  159 20
  159 10
  213 10
  159 10
  127 10
  106 20
  213 20
  190 20
  119 10
  127 10
  119 10
  127 10
  142 30
  169 10
  159 10
  142 20
  169 10
  213 20
  119 20
  119 10
  127 30
  142 20
  159 40
  159 30
  127 30
  127 20
  142 20
  159 20
  159 40
  159 30
  127 30
  127 20
  142 20
  159 20
  159 40
  159 30
  127 30
  127 20
  142 20
  159 20
  159 40
  159 30
  127 30
  127 20
  142 20
  159 20
  127 20
  119 20
  142 10
  127 20
  159 20
  142 20
  169 20
  127 10
  190 20
  127 20
  119 20
  142 10
  127 20
  159 20
  142 20
  169 20
  127 10
  190 20
  142 20
  142 10
  159 50
  159 20
  239 10
  142 20
  239 10
  159 20
  190 20
  190 10
  213 50
  213 20
  319 10
  190 20
  319 10
  213 10
  319 10
  127 20
  119 20
  142 10
  127 20
  159 20
  142 20
  169 20
  127 10
  190 20
  127 20
  119 20
  142 10
  127 20
  159 20
  142 20
  169 20
  127 10
  190 20
  142 20
  142 10
  159 50
  159 20
  239 10
  142 20
  239 10
  159 20
  190 20
  190 10
  213 50
  213 20
  319 10
  190 20
  319 10
  213 10
  319 10
  239 40
  284 40
  239 30
  239 30
  190 10
  213 10
  239 40
  319 40
  239 30
  239 30
  190 10
  213 10
  239 40
  239 40
  239 30
  239 30
  190 10
  213 10
  239 40
  239 40
  239 10
  190 10
  239 10
  190 10
  159 10
  190 10
  159 10
  127 10
  127 20
  119 20
  142 10
  127 20
  159 20
  142 20
  169 20
  127 10
  190 20
  127 20
  119 20
  142 10
  127 20
  159 20
  142 20
  169 20
  127 10
  190 20
  127 20
  119 20
  142 10
  127 20
  159 20
  142 20
  169 20
  127 10
  190 20
  127 20
  119 20
  142 10
  127 20
  159 20
  142 20
  169 20
  127 10
  190 20
  159 20
  142 20
  169 10
  159 20
  190 20
  169 20
  213 20
  190 30
  159 20
  142 20
  169 10
  159 20
  190 20
  169 20
  213 20
  190 30
  169 20
  159 20
  190 10
  169 20
  201 20
  190 20
  225 20
  201 30
  169 20
  159 20
  190 10
  169 20
  201 20
  190 20
  169 20
  159 10
  142 20
  127 20
  119 20
  142 10
  127 20
  159 20
  142 20
  169 20
  127 10
  190 20
  127 20
  119 20
  142 10
  127 20
  159 20
  142 20
  169 20
  127 10
  190 20
  127 20
  119 20
  142 10
  127 20
  159 20
  142 20
  169 20
  127 10
  190 20
  127 20
  119 20
  142 10
  127 20
  159 20
  142 20
  169 20
  127 10
  190 20
  213 20
  190 20
  239 10
  213 20
  253 20
  239 20
  284 20
  253 30
  213 20
  190 20
  239 10
  213 20
  253 20
  239 20
  284 20
  253 30
  190 20
  179 20
  213 10
  190 20
  190 20
  179 20
  213 20
  213 10
  190 20
  190 20
  179 20
  213 10
  190 20
  190 20
  179 20
  213 20
  213 10
  190 20
  169 20
  159 20
  190 10
  169 20
  169 20
  159 20
  190 20
  190 10
  169 20
  169 20
  159 20
  190 10
  169 20
  201 20
  190 20
  169 20
  159 10
  142 20
  127 20
  119 20
  142 10
  127 20
  142 20
  127 20
  159 20
  159 10
  142 20
  159 20
  142 20
  169 10
  159 20
  169 20
  159 20
  190 20
  190 10
  169 20
  190 160

channel 1
  0 20
  0 20
  0 20
  0 5
  0 5
  0 5
  0 5
  0 20
  0 20
  0 20
  0 10
  0 10
  0 20
  0 20
  0 20
  0 5
  0 5
  0 5
  0 5
  0 20
  0 20
  0 20
  0 10
  0 10
  0 20
  0 20
  0 20
  0 5
  0 5
  0 5
  0 5
  0 20
  0 20
  0 20
  0 10
  0 10
  0 20
  0 20
  0 20
  0 5
  0 5
  0 5
  0 5
  0 20
  0 20
  0 20
  0 10
  0 10
  190 20
  253 20
  190 20
  253 10
  159 20
  253 10
  159 10
  253 10
  169 10
  253 10
  190 10
  253 10
  190 20
  239 20
  190 20
  239 10
  159 20
  239 10
  159 10
  239 10
  169 10
  239 10
  190 10
  239 10
  190 20
  253 20
  190 20
  253 10
  159 20
  253 10
  159 10
  253 10
  169 10
  253 10
  190 10
  253 10
  190 20
  239 20
  190 20
  239 10
  159 20
  239 10
  159 10
  239 10
  169 10
  239 10
  190 10
  239 10
  159 20
  142 20
  169 10
  159 20
  190 20
  169 20
  213 20
  169 10
  253 20
  159 20
  142 20
  169 10
  159 20
  190 20
  169 20
  213 20
  169 10
  253 20
  179 20
  179 10
  190 50
  190 20
  239 10
  179 20
  239 10
  190 20
  239 20
  239 10
  253 50
  253 20
  319 10
  239 20
  319 10
  253 10
  319 10
  159 20
  142 20
  169 10
  159 20
  190 20
  169 20
  213 20
  169 10
  253 20
  159 20
  142 20
  169 10
  159 20
  190 20
  169 20
  213 20
  169 10
  253 20
  179 20
  179 10
  190 50
  190 20
  239 10
  179 20
  239 10
  190 20
  239 20
  239 10
  253 50
  253 20
  319 10
  239 20
  319 10
  253 10
  319 10
  0 40
  284 40
  0 20
  284 30
  284 30
  0 40
  319 40
  0 20
  319 30
  319 30
  0 20
  284 20
  0 20
  284 20
  0 20
  284 30
  284 30
  0 20
  319 20
  0 20
  319 20
  0 80
  159 20
  142 20
  169 10
  159 20
  190 20
  169 20
  213 20
  169 10
  253 20
  159 20
  142 20
  169 10
  159 20
  190 20
  169 20
  213 20
  169 10
  253 20
  159 20
  142 20
  169 10
  159 20
  190 20
  169 20
  213 20
  169 10
  253 20
  159 20
  142 20
  169 10
  159 20
  190 20
  169 20
  213 20
  169 10
  253 20
  190 20
  169 20
  213 10
  190 20
  239 20
  213 20
  253 20
  239 30
  190 20
  169 20
  213 10
  190 20
  239 20
  213 20
  253 20
  239 30
  201 20
  190 20
  225 10
  201 20
  253 20
  225 20
  284 20
  253 30
  201 20
  190 20
  225 10
  201 20
  253 20
  225 20
  201 20
  190 10
  169 20
  159 20
  142 20
  169 10
  159 20
  190 20
  169 20
  213 20
  169 10
  253 20
  159 20
  142 20
  169 10
  159 20
  190 20
  169 20
  213 20
  169 10
  253 20
  159 20
  142 20
  169 10
  159 20
  190 20
  169 20
  213 20
  169 10
  253 20
  159 20
  142 20
  169 10
  159 20
  190 20
  169 20
  213 20
  169 10
  253 20
  253 20
  239 20
  284 10
  253 20
  319 20
  284 20
  338 20
  319 30
  253 20
  239 20
  284 10
  253 20
  319 20
  284 20
  338 20
  319 30
  239 20
  213 20
  253 10
  239 20
  239 20
  213 20
  253 20
  253 10
  239 20
  239 20
  213 20
  253 10
  239 20
  239 20
  213 20
  253 20
  253 10
  239 20
  201 20
  190 20
  225 10
  201 20
  201 20
  190 20
  225 20
  225 10
  201 20
  201 20
  190 20
  225 10
  201 20
  253 20
  225 20
  201 20
  190 10
  169 20
  159 20
  142 20
  169 10
  159 20
  169 20
  159 20
  190 20
  190 10
  169 20
  190 20
  169 20
  213 10
  190 20
  201 20
  190 20
  225 20
  225 10
  201 20
  253 160

channel 2
  638 80
  478 80
  426 80
  638 80
  638 80
  478 80
  426 80
  638 80
  379 160
  478 160
  379 160
  478 160
  758 80
  379 80
  758 80
  379 80
  478 20
  478 140
  638 20
  638 140
  758 80
  379 80
  758 80
  379 80
  478 20
  478 140
  638 20
  638 140
  358 80
  358 80
  379 80
  379 80
  358 80
  358 80
  379 80
  379 80
  379 120
  506 40
  379 120
  506 40
  379 120
  506 40
  758 160
  478 120
  638 40
  478 120
  638 40
  506 120
  676 40
  506 120
  506 40
  379 120
  506 20
  379 10
  506 10
  379 120
  506 20
  379 10
  506 10
  379 120
  506 20
  379 10
  506 10
  379 120
  506 20
  379 10
  506 10
  638 140
  319 10
  638 10
  638 140
  319 10
  638 10
  478 140
  239 10
  478 10
  478 140
  239 10
  478 10
  506 140
  253 10
  506 10
  506 140
  253 10
  506 10
  379 80
  426 80
  478 80
  506 80
  379 80
